0 169
0 211
0 254
0 296
0 338
0 381
0 402
0 423
0 500
0 539
0 578
0 626
0 636
0 694
0 704
1 713
1 723
0 733
0 747
0 762
0 849
0 926
0 1004
0 1023
0 1057
0 1071
0 1076
0 1139
1 1159
1 1168
0 1188
0 1217
1 1236
1 1246
0 1265
1 1294
1 1304
0 1333
0 1367
0 1381
0 1386
0 1410
0 1429
0 1444
0 1459
0 1488
0 1507
0 1521
0 1536
0 1565
0 1642
0 1652
0 1671
0 1691
0 1700
0 1720
0 1739
0 1759
0 1768
0 1788
0 1797
0 1817
0 1855
0 1865
0 1875
0 1894
0 1913
0 1923
0 1952
0 1971
0 1981
0 1991
0 2000
0 2020
0 2029
0 2049
0 2068
0 2078
0 2097
0 2117
0 2136
0 2155
0 2165
0 2175
0 2184
0 2204
0 2213
0 2223
0 2262
0 2281
0 2291
0 2300
0 2310
0 2329
0 2339
0 2368
0 2397
1 2417
1 2426
0 2446
0 2475
1 2494
1 2504
0 2523
0 2552
1 2571
1 2581
0 2591
0 2610
0 2639
1 2649
1 2659
0 2668
0 2678
0 2688
0 2707
0 2717
0 2736
0 2746
0 2755
0 2765
0 2804
0 2813
0 2823
1 2842
1 2852
0 2871
0 2915
0 2929
0 2944
1 2959
1 2968
0 2978
0 2992
0 3007
0 3021
