0 169
0 211
0 254
0 275
0 296
0 338
0 360
0 381
0 423
0 500
0 539
0 578
0 617
0 636
0 655
0 665
1 675
1 684
0 747
0 762
0 776
0 810
0 888
0 965
0 984
0 1042
0 1071
0 1076
1 1120
1 1129
0 1149
0 1178
1 1197
1 1207
0 1226
0 1255
1 1275
1 1284
1 1313
1 1323
0 1342
0 1352
0 1381
0 1386
0 1420
0 1429
0 1444
0 1459
0 1497
0 1507
0 1521
0 1536
0 1575
0 1584
0 1604
0 1623
0 1662
0 1681
0 1700
0 1729
0 1739
0 1749
0 1759
0 1778
0 1797
0 1807
0 1826
0 1836
0 1846
0 1855
0 1865
0 1875
0 1894
0 1904
0 1913
0 1933
0 1942
0 1971
0 1981
0 1991
0 2000
0 2010
0 2029
0 2049
0 2059
0 2068
0 2088
0 2107
0 2126
0 2146
0 2165
0 2175
0 2184
0 2194
0 2204
0 2223
0 2233
0 2242
0 2252
0 2281
0 2291
0 2300
0 2310
0 2320
0 2339
0 2359
1 2378
1 2388
0 2407
0 2436
1 2455
1 2465
0 2484
0 2513
1 2533
1 2542
0 2562
0 2600
0 2620
0 2629
1 2649
1 2659
0 2668
0 2678
0 2697
0 2707
0 2717
0 2726
0 2746
0 2755
0 2775
0 2784
0 2794
0 2833
0 2862
1 2881
1 2891
0 2900
0 2915
0 2929
1 2959
1 2968
0 2978
0 2992
0 3007
0 3021
