0 104
0 130
0 150
0 169
0 195
0 208
0 234
0 254
0 273
0 300
0 313
0 339
0 358
0 378
0 404
0 417
0 443
0 463
0 482
1 547
1 560
0 600
1 626
1 639
1 678
1 691
0 717
1 756
1 769
0 808
1 834
1 847
1 886
1 900
0 926
0 952
1 991
1 1004
0 1043
0 1082
0 1108
0 1134
0 1160
0 1186
1 1226
1 1239
0 1265
0 1291
1 1304
1 1317
0 1330
0 1363
0 1376
0 1402
1 1421
1 1434
0 1441
0 1454
0 1467
0 1480
0 1506
1 1526
1 1532
1 1539
1 1552
0 1571
0 1584
0 1604
1 1617
1 1630
0 1643
0 1656
1 1669
1 1682
0 1708
0 1721
0 1747
0 1760
0 1773
0 1786
0 1800
0 1813
0 1826
0 1839
0 1852
0 1871
0 1884
0 1897
0 1923
0 1936
0 1950
0 1976
0 1995
0 2008
0 2021
0 2034
0 2041
0 2054
0 2073
0 2086
0 2093
0 2106
0 2132
0 2152
0 2165
0 2184
0 2197
0 2210
0 2230
1 2243
1 2250
1 2256
1 2263
0 2269
0 2289
0 2302
0 2315
0 2334
1 2347
1 2354
1 2360
1 2367
0 2373
0 2393
0 2406
1 2413
1 2419
0 2426
0 2439
1 2452
1 2458
0 2471
0 2497
0 2510
0 2523
0 2543
0 2556
0 2563
0 2576
0 2595
0 2634
1 2660
1 2686
0 2700
0 2739
1 2765
1 2791
0 2804
0 2843
1 2869
1 2895
0 2908
0 2947
1 2973
1 3000
0 3013
0 3039
0 3052
1 3078
1 3104
0 3117
0 3143
0 3156
1 3182
1 3208
0 3228
0 3247
0 3260
0 3273
1 3286
1 3313
0 3326
0 3345
0 3358
0 3378
0 3391
0 3417
0 3430
1 3443
1 3495
