0 117
0 143
0 156
0 182
0 202
0 221
0 247
0 260
0 286
0 306
0 326
0 352
0 365
0 391
0 410
0 430
0 456
0 469
0 495
0 508
1 521
1 534
1 573
1 586
0 613
1 652
1 665
0 704
1 730
1 743
1 782
1 795
0 821
1 860
1 873
0 913
0 939
0 965
0 978
1 1017
1 1030
0 1056
0 1069
0 1095
0 1121
0 1147
0 1173
1 1200
1 1213
0 1252
0 1278
1 1304
1 1317
0 1343
0 1356
0 1369
0 1382
0 1395
1 1408
1 1421
0 1434
0 1447
0 1460
0 1473
0 1486
0 1500
1 1513
1 1519
0 1565
0 1578
0 1591
0 1610
1 1630
1 1643
0 1650
0 1663
0 1682
1 1695
1 1708
0 1734
0 1747
0 1760
0 1780
0 1793
0 1819
0 1832
0 1845
0 1865
0 1878
0 1891
0 1904
0 1917
0 1930
0 1943
0 1956
0 1969
0 1982
0 1989
0 2002
0 2028
0 2047
0 2060
0 2080
0 2100
0 2113
0 2126
0 2139
0 2145
0 2158
0 2178
1 2191
1 2197
1 2204
1 2210
0 2217
0 2236
0 2250
0 2263
0 2282
1 2295
1 2302
1 2308
1 2315
0 2321
0 2341
0 2354
0 2367
0 2386
1 2400
1 2406
0 2419
0 2445
0 2458
1 2465
1 2471
0 2478
0 2491
0 2504
0 2517
1 2530
1 2543
0 2550
0 2569
0 2582
0 2602
1 2608
1 2634
0 2686
1 2713
1 2739
0 2791
1 2817
1 2843
0 2895
1 2921
1 2947
0 3000
1 3026
1 3052
0 3065
0 3091
0 3104
1 3130
1 3156
0 3169
0 3195
0 3208
0 3221
1 3234
1 3260
0 3280
0 3300
0 3313
0 3332
0 3339
0 3352
1 3365
1 3378
0 3384
0 3417
0 3430
1 3443
1 3495
