1 87
1 98
0 120
0 141
0 163
0 196
1 218
1 229
1 261
1 272
0 294
0 316
0 338
0 370
0 381
1 414
1 430
0 469
1 480
1 490
0 501
0 534
0 556
0 567
0 589
0 621
0 643
1 654
1 665
0 676
0 687
0 709
0 725
0 741
0 763
0 774
0 796
0 818
0 829
0 850
0 872
0 894
0 927
0 949
0 981
0 1014
0 1036
0 1058
0 1080
0 1101
0 1129
0 1167
0 1178
0 1189
0 1205
0 1221
0 1243
0 1254
0 1276
0 1292
0 1309
0 1320
0 1336
0 1352
0 1374
0 1385
0 1407
0 1423
0 1440
0 1461
0 1494
0 1516
0 1549
0 1570
0 1592
0 1636
0 1680
0 1712
0 1745
0 1767
0 1789
0 1810
0 1838
0 1849
0 1865
1 1876
1 1887
0 1909
0 1930
0 1952
0 1974
0 1996
0 2018
0 2040
0 2050
0 2072
0 2105
0 2127
0 2138
0 2160
1 2192
1 2203
0 2214
1 2225
1 2236
0 2258
0 2280
0 2301
0 2323
0 2345
0 2367
0 2378
0 2421
0 2449
0 2465
0 2487
0 2520
0 2541
1 2574
1 2640
0 2661
0 2705
0 2716
1 2727
1 2738
1 2749
1 2760
0 2770
0 2781
0 2803
0 2820
0 2836
0 2858
0 2869
0 2890
0 2912
0 2934
0 2950
0 2967
0 2989
0 3000
0 3021
0 3043
0 3065
0 3081
0 3092
