1 87
1 98
0 109
0 130
0 152
1 174
1 185
0 207
1 240
1 250
1 261
1 272
0 283
0 305
0 327
0 349
0 360
0 392
0 469
0 490
0 512
0 523
0 545
0 578
0 600
1 610
1 621
0 632
0 665
0 681
0 698
0 720
0 730
0 752
0 769
1 785
1 796
0 807
0 840
0 861
0 883
0 905
0 916
0 938
0 960
0 970
0 992
0 1003
0 1025
0 1047
0 1069
0 1090
0 1112
0 1123
0 1167
0 1178
0 1200
0 1210
0 1232
0 1249
0 1265
0 1287
0 1298
0 1314
0 1330
0 1341
0 1363
0 1380
0 1396
0 1418
0 1429
0 1450
0 1472
0 1483
0 1505
0 1527
0 1549
0 1592
0 1614
0 1636
0 1658
0 1680
0 1701
0 1723
0 1756
0 1789
0 1810
0 1832
0 1843
0 1865
1 1876
1 1887
0 1898
0 1920
0 1941
1 1963
1 1974
0 1985
1 2007
1 2018
0 2029
0 2040
0 2061
0 2083
0 2094
0 2116
0 2149
0 2170
1 2181
1 2192
1 2203
1 2214
1 2225
1 2236
0 2247
0 2269
0 2290
1 2312
1 2323
0 2334
1 2356
1 2367
0 2378
1 2400
1 2465
0 2498
0 2509
0 2530
1 2552
1 2563
0 2596
0 2623
0 2640
0 2661
0 2705
0 2716
1 2727
1 2738
0 2760
0 2776
0 2792
0 2814
0 2825
0 2847
0 2863
1 2880
1 2890
0 2901
0 2912
1 2923
1 2934
0 2945
0 2956
0 2978
0 2994
0 3010
0 3032
1 3054
1 3065
0 3076
0 3087
